25
-5 -6 -25 25 25 25 25 25 25 25 25 25 25 25 25 
25 25 25 25 25 25 25 25 25 25 25 25 25 25 25 
25 25 25 25 25 25 25 25 25 25 25 25 25 25 25 
25 25 25 35 25 25 25 25 25 25 25 25 25 25 25 
25 25 25 25 25 25 25 25 25 25 25 25 25 25 25 
25 25 25 25 25 25 35 35 35 25 25 25 25 25 25 
25 25 25 25 25 25 35 25 35 25 25 25 25 25 25 
25 25 25 25 25 25 35 35 35 25 25 25 25 25 25 
25 25 25 25 25 25 25 25 25 0 25 25 25 25 25 
25 25 25 25 25 25 25 25 25 25 25 25 25 25 25 
25 25 25 25 35 25 25 25 25 25 25 25 25 25 25 
25 25 25 25 25 25 25 25 25 25 25 25 25 25 25 
25 25 25 25 25 25 25 25 25 25 25 25 25 25 25 
25 25 25 25 25 25 25 25 25 25 25 25 25 25 25 
25 25 25 25 25 25 25 25 25 25 25 25 25 25 25 
